days: 30
dropout: 0.18462152698220702
input_channels: 20
lr: 0.0003111966996560656
num_filters: 128
