days: 30
dropout: 0.1994406278424088
input_channels: 20
lr: 0.00017130792959608906
num_filters: 128
