days: 30
dropout: 0.33630404577485906
input_channels: 20
lr: 0.00040049131347541246
num_filters: 128
