days: 30
dropout: 0.17549691982818308
input_channels: 20
lr: 0.00010259617077582402
num_filters: 128
