days: 30
dropout: 0.1836752665490718
input_channels: 20
lr: 0.00010719527860502477
num_filters: 128
