days: 30
dropout: 0.1763860725518809
input_channels: 20
lr: 0.0007115450599976062
num_filters: 32
