days: 30
dropout: 0.2669545742984938
input_channels: 20
lr: 0.00013895072360607587
num_filters: 32
