days: 30
dropout: 0.1389856809162881
input_channels: 20
lr: 0.0009887548347089613
num_filters: 32
