days: 30
dropout: 0.2646820601865342
input_channels: 20
lr: 0.0001640495118347382
num_filters: 128
