days: 30
dropout: 0.3404186889786204
input_channels: 20
lr: 0.0006757601634001648
num_filters: 128
