days: 30
dropout: 0.2354367384854357
input_channels: 20
lr: 0.00014205967931731498
num_filters: 64
