days: 30
dropout: 0.18544009658819224
input_channels: 20
lr: 0.0001502170303946662
num_filters: 128
