days: 30
dropout: 0.28668660847029115
input_channels: 20
lr: 0.0002290114027978145
num_filters: 128
