days: 30
dropout: 0.2053861535372876
input_channels: 20
lr: 0.00011505252915913126
num_filters: 64
