days: 30
dropout: 0.2905496071269708
input_channels: 20
lr: 0.0004474896488552141
num_filters: 128
