days: 30
dropout: 0.27491587799008405
input_channels: 20
lr: 0.00014078929102545322
num_filters: 128
