days: 30
dropout: 0.294036983082607
input_channels: 20
lr: 0.0001795723722372139
num_filters: 32
