days: 30
dropout: 0.1658920605233401
input_channels: 20
lr: 0.000257788653400221
num_filters: 128
