days: 30
dropout: 0.21943916247143924
input_channels: 20
lr: 0.00036647385063625796
num_filters: 32
