days: 30
dropout: 0.16989890358601692
input_channels: 20
lr: 0.00031364974535908017
num_filters: 32
