days: 30
dropout: 0.23539067808091
input_channels: 20
lr: 0.000217010269686282
num_filters: 64
