days: 30
dropout: 0.23589072257333973
input_channels: 20
lr: 0.0001268963859098027
num_filters: 32
