days: 30
dropout: 0.2651381177462964
input_channels: 20
lr: 0.00035114066239636286
num_filters: 128
