days: 30
dropout: 0.1221116620097644
input_channels: 20
lr: 0.0001910925783150663
num_filters: 64
